5865
5865
5906
5865
5861
5840
5867
5853
6107
5889
5878
5836
5885
2935
5870
5863
5827
5847
5857
5865
6212
5864
5994
5852
5843
5881
5874
5940
6221
5872
5868
5852
6074
5897
5849
5951
5872
5842
5871
5874
5867
5869
6081
5880
5867
5857
5901
5870
5860
5839
5867
5845
5867
5858
5863
5851
5880
5864
5982
5857
5893
5847
5862
5877
5858
5872
5888
5856
5856
5882
5892
5867
5853
5853
5803
5893
5876
5860
5869
5874
5847
5861
5880
5857
5863
5873
5872
5863
5874
5892
5869
5860
5906
5797
5959
5853
5870
5841
5885
5900
5881
5848
5927
5847
5859
5871
5873
5870
5837
5970
5896
5871
5884
5887
5852
5871
5868
5811
5867
5883
5888
5866
5866
5846
5843
5855
5865
5810
5847
5862
5885
5877
5881
5844
5898
5847
5884
5857
5846
5871
5872
5902
5850
5799
5866
5870
5874
5871
5859
5879
5878
5834
5846
5869
5861
5871
5861
5855
5837
5857
5885
5875
5875
5878
5856
5890
5888
5840
5829
5860
5840
5869
5847
5849
5869
5819
5854
5845
6261
5868
5868
5894
5881
5880
5866
5870
5889
5894
5873
5880
5875
5896
5873
5873
5808
5855
5883
5880
5839
5892
5897
5899
5882
5888
5836
5867
5868
5859
5878
5863
5885
5845
5854
5868
5883
5874
5839
5870
5886
5861
5852
5871
5856
5868
5935
5877
5877
5882
5858
5842
5871
5848
5866
5859
5865
5827
5860
5883
5860
5775
5889
5854
5847
5890
5853
5867
5885
5858
5895
5859
5855
5850
5832
5885
5804
5820
5855
5871
5889
5855
6252
5837
5694
5861
5835
5830
5852
5882
5864
5857
5895
5879
5800
5881
5862
5856
5923
5870
5845
5865
5834
5842
5876
5840
5876
5868
5885
5852
5847
5834
5874
5885
5892
5869
5873
5861
5869
6185
5854
5872
5867
5874
5869
5880
5856
5856
5856
5854
5882
5885
5842
5854
5857
5848
5873
5881
5876
5893
5867
5876
5897
5860
5873
5849
5865
5881
5872
5859
5862
5858
5897
5873
5859
5886
6260
5900
5865
5912
5855
5876
5874
5889
5873
5906
5938
5895
5861
5895
5876
5874
5911
5881
5888
5869
5881
5859
5883
5913
5886
5876
5885
5993
5883
5879
5897
5910
5880
5893
5887
5897
5858
5878
5874
5910
5886
5863
5884
5875
5872
5871
5873
5872
5880
5870
5832
5900
5862
5963
5846
5867
5753
5881
5861
5873
5868
5895
5873
5874
5872
5973
5859
5878
5896
5881
5903
5897
5888
5900
5899
5865
5891
5865
5867
5871
5878
5843
5878
5899
5861
5868
5878
5887
5901
6300
5898
5882
5869
5861
5858
5878
5886
5869
5889
5879
5861
5859
5901
5875
5850
5865
5906
5844
5932
5895
5894
5847
5865
5886
5880
5856
5867
5888
5862
5849
5856
5870
5886
5872
5890
5887
5876
5880
5896
5894
5888
5851
5889
5846
5899
